AP: 0-100. Detection adaptations of paper ideas, not original paper reproductions.
All new runs: same mean_value head, original validation cache, serial GPU0.
Existing train cache reused. build+wall charges archived train-cache build once per run.
Validation-cache build excluded. No backbone calls during these training runs.
method seed best_AP last_AP best_epoch train_s wall_s build+wall_s cache_GiB VRAM_GiB
cache1 0 2.6327 1.6647 14 211.3 279.3 298.7 1.375 3.498
cache1 1 2.5614 2.0479 14 217.2 285.2 304.6 1.375 3.503
cache1 2 2.5141 1.7649 28 212.3 280.9 300.3 1.375 3.500
cache2 0 3.8815 2.7753 39 218.1 288.5 317.9 2.750 4.877
cache2 1 3.4752 2.7113 23 214.6 284.5 313.8 2.750 4.881
cache2 2 3.5650 3.0437 32 220.3 291.2 320.6 2.750 4.878
frofa-c1-d01 0 2.8856 2.1105 16 219.3 287.9 307.3 1.375 3.471
frofa-c1-d01 1 2.8176 2.0959 34 211.9 281.2 300.6 1.375 3.474
frofa-c1-d01 2 2.5888 2.3354 39 222.9 291.7 311.1 1.375 3.472
frofa-c1-d03 0 2.6502 2.0592 29 221.8 290.0 309.4 1.375 3.471
frofa-c1-d03 1 2.2618 2.0058 42 215.2 283.4 302.8 1.375 3.474
frofa-c1-d03 2 2.4903 1.8210 27 217.9 286.4 305.8 1.375 3.472
frofa-c2-d01 0 3.6115 3.1540 64 216.4 287.3 316.7 2.750 4.851
frofa-c2-d01 1 3.4610 2.9649 40 205.6 275.7 305.1 2.750 4.854
frofa-c2-d01 2 3.6530 2.9039 41 211.0 280.9 310.2 2.750 4.851
frofa-c2-d03 0 3.4970 2.9462 42 222.3 292.4 321.8 2.750 4.851
frofa-c2-d03 1 3.2832 2.9453 55 201.3 271.8 301.1 2.750 4.854
frofa-c2-d03 2 3.1922 2.6298 29 217.0 288.1 317.5 2.750 4.851
transport-c1 0 3.2331 2.7832 33 218.3 286.8 306.2 1.375 3.471
transport-c1 1 3.0734 2.7590 50 219.8 288.8 308.2 1.375 3.473
transport-c1 2 3.2262 2.7300 35 222.3 292.5 311.9 1.375 3.473
loffta-c1-n005 0 3.5668 3.1933 72 224.4 295.4 314.8 1.375 3.469
loffta-c1-n005 1 2.9784 2.7535 57 221.5 289.9 309.3 1.375 3.474
loffta-c1-n005 2 3.3107 3.0358 58 224.0 296.9 316.3 1.375 3.472
transport-c2 0 3.6731 3.2887 36 218.6 288.3 317.7 2.750 4.851
transport-c2 1 3.8107 3.6495 95 215.7 285.3 314.6 2.750 4.851
transport-c2 2 3.8160 3.4787 66 230.2 301.0 330.4 2.750 4.851
loffta-c2-n005 0 3.7548 3.4446 85 248.2 358.9 388.2 2.750 4.850
loffta-c2-n005 1 3.7856 3.3271 58 226.1 295.9 325.3 2.750 4.854
loffta-c2-n005 2 3.7621 3.5720 69 222.4 292.4 321.8 2.750 4.851

method n best_AP_mean sample_sd last_AP_mean train_s_mean build+wall_s_mean
cache1 3 2.5694 0.0597 1.8258 213.6 301.2
cache2 3 3.6405 0.2135 2.8434 217.7 317.4
frofa-c1-d01 3 2.7640 0.1555 2.1806 218.0 306.3
frofa-c1-d03 3 2.4675 0.1952 1.9620 218.3 306.0
frofa-c2-d01 3 3.5752 0.1010 3.0076 211.0 310.7
frofa-c2-d03 3 3.3241 0.1564 2.8405 213.5 313.5
transport-c1 3 3.1775 0.0903 2.7574 220.1 308.8
loffta-c1-n005 3 3.2853 0.2950 2.9942 223.3 313.5
transport-c2 3 3.7666 0.0810 3.4723 221.5 320.9
loffta-c2-n005 3 3.7675 0.0161 3.4479 232.2 345.1
